0,1,
0,3,
0,5,
0,7,
0,9,
0,11,
0,13,
0,15,
0,17,
0,19,
0,21,
0,23,
0,25,
0,27,
0,29,
0,31,
0,33,
0,35,
0,37,
0,39,
0,41,
0,43,
0,45,
0,47,
0,49,
0,51,
0,53,
0,55,
0,57,
0,59,
0,61,
0,63,
0,65,
0,67,
0,69,
0,71,
0,73,
0,75,
0,77,
0,79,
0,81,
0,83,
0,85,
0,87,
0,89,
4,1,
6,1,
8,1,
10,1,
12,1,
14,1,
16,1,
18,1,
20,1,
22,1,
24,1,
26,1,
28,1,
30,1,
32,1,
34,1,
36,1,
38,1,
40,1,
42,1,
44,1,
46,1,
48,1,
50,1,
52,1,
54,1,
56,1,
58,1,
60,1,
62,1,
64,1,
66,1,
68,1,
70,1,
72,1,
74,1,
76,1,
78,1,
80,1,
82,1,
84,1,
86,1,
88,1,
90,1,
2,3,
6,3,
8,3,
10,3,
12,3,
14,3,
16,3,
18,3,
20,3,
22,3,
24,3,
26,3,
28,3,
30,3,
32,3,
34,3,
36,3,
38,3,
40,3,
42,3,
44,3,
46,3,
48,3,
50,3,
52,3,
54,3,
56,3,
58,3,
60,3,
62,3,
64,3,
66,3,
68,3,
70,3,
72,3,
74,3,
76,3,
78,3,
80,3,
82,3,
84,3,
86,3,
88,3,
90,3,
2,5,
4,5,
8,5,
10,5,
12,5,
14,5,
16,5,
18,5,
20,5,
22,5,
24,5,
26,5,
28,5,
30,5,
32,5,
34,5,
36,5,
38,5,
40,5,
42,5,
44,5,
46,5,
48,5,
50,5,
52,5,
54,5,
56,5,
58,5,
60,5,
62,5,
64,5,
66,5,
68,5,
70,5,
72,5,
74,5,
76,5,
78,5,
80,5,
82,5,
84,5,
86,5,
88,5,
90,5,
2,7,
4,7,
6,7,
10,7,
12,7,
14,7,
16,7,
18,7,
20,7,
22,7,
24,7,
26,7,
28,7,
30,7,
32,7,
34,7,
36,7,
38,7,
40,7,
42,7,
44,7,
46,7,
48,7,
50,7,
52,7,
54,7,
56,7,
58,7,
60,7,
62,7,
64,7,
66,7,
68,7,
70,7,
72,7,
74,7,
76,7,
78,7,
80,7,
82,7,
84,7,
86,7,
88,7,
90,7,
2,9,
4,9,
6,9,
8,9,
12,9,
14,9,
16,9,
18,9,
20,9,
22,9,
24,9,
26,9,
28,9,
30,9,
32,9,
34,9,
36,9,
38,9,
40,9,
42,9,
44,9,
46,9,
48,9,
50,9,
52,9,
54,9,
56,9,
58,9,
60,9,
62,9,
64,9,
66,9,
68,9,
70,9,
72,9,
74,9,
76,9,
78,9,
80,9,
82,9,
84,9,
86,9,
88,9,
90,9,
2,11,
4,11,
6,11,
8,11,
10,11,
14,11,
16,11,
18,11,
20,11,
22,11,
24,11,
26,11,
28,11,
30,11,
32,11,
34,11,
36,11,
38,11,
40,11,
42,11,
44,11,
46,11,
48,11,
50,11,
52,11,
54,11,
56,11,
58,11,
60,11,
62,11,
64,11,
66,11,
68,11,
70,11,
72,11,
74,11,
76,11,
78,11,
80,11,
82,11,
84,11,
86,11,
88,11,
90,11,
2,13,
4,13,
6,13,
8,13,
10,13,
12,13,
16,13,
18,13,
20,13,
22,13,
24,13,
26,13,
28,13,
30,13,
32,13,
34,13,
36,13,
38,13,
40,13,
42,13,
44,13,
46,13,
48,13,
50,13,
52,13,
54,13,
56,13,
58,13,
60,13,
62,13,
64,13,
66,13,
68,13,
70,13,
72,13,
74,13,
76,13,
78,13,
80,13,
82,13,
84,13,
86,13,
88,13,
90,13,
2,15,
4,15,
6,15,
8,15,
10,15,
12,15,
14,15,
18,15,
20,15,
22,15,
24,15,
26,15,
28,15,
30,15,
32,15,
34,15,
36,15,
38,15,
40,15,
42,15,
44,15,
46,15,
48,15,
50,15,
52,15,
54,15,
56,15,
58,15,
60,15,
62,15,
64,15,
66,15,
68,15,
70,15,
72,15,
74,15,
76,15,
78,15,
80,15,
82,15,
84,15,
86,15,
88,15,
90,15,
2,17,
4,17,
6,17,
8,17,
10,17,
12,17,
14,17,
16,17,
20,17,
22,17,
24,17,
26,17,
28,17,
30,17,
32,17,
34,17,
36,17,
38,17,
40,17,
42,17,
44,17,
46,17,
48,17,
50,17,
52,17,
54,17,
56,17,
58,17,
60,17,
62,17,
64,17,
66,17,
68,17,
70,17,
72,17,
74,17,
76,17,
78,17,
80,17,
82,17,
84,17,
86,17,
88,17,
90,17,
2,19,
4,19,
6,19,
8,19,
10,19,
12,19,
14,19,
16,19,
18,19,
22,19,
24,19,
26,19,
28,19,
30,19,
32,19,
34,19,
36,19,
38,19,
40,19,
42,19,
44,19,
46,19,
48,19,
50,19,
52,19,
54,19,
56,19,
58,19,
60,19,
62,19,
64,19,
66,19,
68,19,
70,19,
72,19,
74,19,
76,19,
78,19,
80,19,
82,19,
84,19,
86,19,
88,19,
90,19,
2,21,
4,21,
6,21,
8,21,
10,21,
12,21,
14,21,
16,21,
18,21,
20,21,
24,21,
26,21,
28,21,
30,21,
32,21,
34,21,
36,21,
38,21,
40,21,
42,21,
44,21,
46,21,
48,21,
50,21,
52,21,
54,21,
56,21,
58,21,
60,21,
62,21,
64,21,
66,21,
68,21,
70,21,
72,21,
74,21,
76,21,
78,21,
80,21,
82,21,
84,21,
86,21,
88,21,
90,21,
2,23,
4,23,
6,23,
8,23,
10,23,
12,23,
14,23,
16,23,
18,23,
20,23,
22,23,
26,23,
28,23,
30,23,
32,23,
34,23,
36,23,
38,23,
40,23,
42,23,
44,23,
46,23,
48,23,
50,23,
52,23,
54,23,
56,23,
58,23,
60,23,
62,23,
64,23,
66,23,
68,23,
70,23,
72,23,
74,23,
76,23,
78,23,
80,23,
82,23,
84,23,
86,23,
88,23,
90,23,
2,25,
4,25,
6,25,
8,25,
10,25,
12,25,
14,25,
16,25,
18,25,
20,25,
22,25,
24,25,
28,25,
30,25,
32,25,
34,25,
36,25,
38,25,
40,25,
42,25,
44,25,
46,25,
48,25,
50,25,
52,25,
54,25,
56,25,
58,25,
60,25,
62,25,
64,25,
66,25,
68,25,
70,25,
72,25,
74,25,
76,25,
78,25,
80,25,
82,25,
84,25,
86,25,
88,25,
90,25,
2,27,
4,27,
6,27,
8,27,
10,27,
12,27,
14,27,
16,27,
18,27,
20,27,
22,27,
24,27,
26,27,
30,27,
32,27,
34,27,
36,27,
38,27,
40,27,
42,27,
44,27,
46,27,
48,27,
50,27,
52,27,
54,27,
56,27,
58,27,
60,27,
62,27,
64,27,
66,27,
68,27,
70,27,
72,27,
74,27,
76,27,
78,27,
80,27,
82,27,
84,27,
86,27,
88,27,
90,27,
2,29,
4,29,
6,29,
8,29,
10,29,
12,29,
14,29,
16,29,
18,29,
20,29,
22,29,
24,29,
26,29,
28,29,
32,29,
34,29,
36,29,
38,29,
40,29,
42,29,
44,29,
46,29,
48,29,
50,29,
52,29,
54,29,
56,29,
58,29,
60,29,
62,29,
64,29,
66,29,
68,29,
70,29,
72,29,
74,29,
76,29,
78,29,
80,29,
82,29,
84,29,
86,29,
88,29,
90,29,
2,31,
4,31,
6,31,
8,31,
10,31,
12,31,
14,31,
16,31,
18,31,
20,31,
22,31,
24,31,
26,31,
28,31,
30,31,
34,31,
36,31,
38,31,
40,31,
42,31,
44,31,
46,31,
48,31,
50,31,
52,31,
54,31,
56,31,
58,31,
60,31,
62,31,
64,31,
66,31,
68,31,
70,31,
72,31,
74,31,
76,31,
78,31,
80,31,
82,31,
84,31,
86,31,
88,31,
90,31,
2,33,
4,33,
6,33,
8,33,
10,33,
12,33,
14,33,
16,33,
18,33,
20,33,
22,33,
24,33,
26,33,
28,33,
30,33,
32,33,
36,33,
38,33,
40,33,
42,33,
44,33,
46,33,
48,33,
50,33,
52,33,
54,33,
56,33,
58,33,
60,33,
62,33,
64,33,
66,33,
68,33,
70,33,
72,33,
74,33,
76,33,
78,33,
80,33,
82,33,
84,33,
86,33,
88,33,
90,33,
2,35,
4,35,
6,35,
8,35,
10,35,
12,35,
14,35,
16,35,
18,35,
20,35,
22,35,
24,35,
26,35,
28,35,
30,35,
32,35,
34,35,
38,35,
40,35,
42,35,
44,35,
46,35,
48,35,
50,35,
52,35,
54,35,
56,35,
58,35,
60,35,
62,35,
64,35,
66,35,
68,35,
70,35,
72,35,
74,35,
76,35,
78,35,
80,35,
82,35,
84,35,
86,35,
88,35,
90,35,
2,37,
4,37,
6,37,
8,37,
10,37,
12,37,
14,37,
16,37,
18,37,
20,37,
22,37,
24,37,
26,37,
28,37,
30,37,
32,37,
34,37,
36,37,
40,37,
42,37,
44,37,
46,37,
48,37,
50,37,
52,37,
54,37,
56,37,
58,37,
60,37,
62,37,
64,37,
66,37,
68,37,
70,37,
72,37,
74,37,
76,37,
78,37,
80,37,
82,37,
84,37,
86,37,
88,37,
90,37,
2,39,
4,39,
6,39,
8,39,
10,39,
12,39,
14,39,
16,39,
18,39,
20,39,
22,39,
24,39,
26,39,
28,39,
30,39,
32,39,
34,39,
36,39,
38,39,
42,39,
44,39,
46,39,
48,39,
50,39,
52,39,
54,39,
56,39,
58,39,
60,39,
62,39,
64,39,
66,39,
68,39,
70,39,
72,39,
74,39,
76,39,
78,39,
80,39,
82,39,
84,39,
86,39,
88,39,
90,39,
2,41,
4,41,
6,41,
8,41,
10,41,
12,41,
14,41,
16,41,
18,41,
20,41,
22,41,
24,41,
26,41,
28,41,
30,41,
32,41,
34,41,
36,41,
38,41,
40,41,
44,41,
46,41,
48,41,
50,41,
52,41,
54,41,
56,41,
58,41,
60,41,
62,41,
64,41,
66,41,
68,41,
70,41,
72,41,
74,41,
76,41,
78,41,
80,41,
82,41,
84,41,
86,41,
88,41,
90,41,
2,43,
4,43,
6,43,
8,43,
10,43,
12,43,
14,43,
16,43,
18,43,
20,43,
22,43,
24,43,
26,43,
28,43,
30,43,
32,43,
34,43,
36,43,
38,43,
40,43,
42,43,
46,43,
48,43,
50,43,
52,43,
54,43,
56,43,
58,43,
60,43,
62,43,
64,43,
66,43,
68,43,
70,43,
72,43,
74,43,
76,43,
78,43,
80,43,
82,43,
84,43,
86,43,
88,43,
90,43,
2,45,
4,45,
6,45,
8,45,
10,45,
12,45,
14,45,
16,45,
18,45,
20,45,
22,45,
24,45,
26,45,
28,45,
30,45,
32,45,
34,45,
36,45,
38,45,
40,45,
42,45,
44,45,
48,45,
50,45,
52,45,
54,45,
56,45,
58,45,
60,45,
62,45,
64,45,
66,45,
68,45,
70,45,
72,45,
74,45,
76,45,
78,45,
80,45,
82,45,
84,45,
86,45,
88,45,
90,45,
2,47,
4,47,
6,47,
8,47,
10,47,
12,47,
14,47,
16,47,
18,47,
20,47,
22,47,
24,47,
26,47,
28,47,
30,47,
32,47,
34,47,
36,47,
38,47,
40,47,
42,47,
44,47,
46,47,
50,47,
52,47,
54,47,
56,47,
58,47,
60,47,
62,47,
64,47,
66,47,
68,47,
70,47,
72,47,
74,47,
76,47,
78,47,
80,47,
82,47,
84,47,
86,47,
88,47,
90,47,
2,49,
4,49,
6,49,
8,49,
10,49,
12,49,
14,49,
16,49,
18,49,
20,49,
22,49,
24,49,
26,49,
28,49,
30,49,
32,49,
34,49,
36,49,
38,49,
40,49,
42,49,
44,49,
46,49,
48,49,
52,49,
54,49,
56,49,
58,49,
60,49,
62,49,
64,49,
66,49,
68,49,
70,49,
72,49,
74,49,
76,49,
78,49,
80,49,
82,49,
84,49,
86,49,
88,49,
90,49,
2,51,
4,51,
6,51,
8,51,
10,51,
12,51,
14,51,
16,51,
18,51,
20,51,
22,51,
24,51,
26,51,
28,51,
30,51,
32,51,
34,51,
36,51,
38,51,
40,51,
42,51,
44,51,
46,51,
48,51,
50,51,
54,51,
56,51,
58,51,
60,51,
62,51,
64,51,
66,51,
68,51,
70,51,
72,51,
74,51,
76,51,
78,51,
80,51,
82,51,
84,51,
86,51,
88,51,
90,51,
2,53,
4,53,
6,53,
8,53,
10,53,
12,53,
14,53,
16,53,
18,53,
20,53,
22,53,
24,53,
26,53,
28,53,
30,53,
32,53,
34,53,
36,53,
38,53,
40,53,
42,53,
44,53,
46,53,
48,53,
50,53,
52,53,
56,53,
58,53,
60,53,
62,53,
64,53,
66,53,
68,53,
70,53,
72,53,
74,53,
76,53,
78,53,
80,53,
82,53,
84,53,
86,53,
88,53,
90,53,
2,55,
4,55,
6,55,
8,55,
10,55,
12,55,
14,55,
16,55,
18,55,
20,55,
22,55,
24,55,
26,55,
28,55,
30,55,
32,55,
34,55,
36,55,
38,55,
40,55,
42,55,
44,55,
46,55,
48,55,
50,55,
52,55,
54,55,
58,55,
60,55,
62,55,
64,55,
66,55,
68,55,
70,55,
72,55,
74,55,
76,55,
78,55,
80,55,
82,55,
84,55,
86,55,
88,55,
90,55,
2,57,
4,57,
6,57,
8,57,
10,57,
12,57,
14,57,
16,57,
18,57,
20,57,
22,57,
24,57,
26,57,
28,57,
30,57,
32,57,
34,57,
36,57,
38,57,
40,57,
42,57,
44,57,
46,57,
48,57,
50,57,
52,57,
54,57,
56,57,
60,57,
62,57,
64,57,
66,57,
68,57,
70,57,
72,57,
74,57,
76,57,
78,57,
80,57,
82,57,
84,57,
86,57,
88,57,
90,57,
2,59,
4,59,
6,59,
8,59,
10,59,
12,59,
14,59,
16,59,
18,59,
20,59,
22,59,
24,59,
26,59,
28,59,
30,59,
32,59,
34,59,
36,59,
38,59,
40,59,
42,59,
44,59,
46,59,
48,59,
50,59,
52,59,
54,59,
56,59,
58,59,
62,59,
64,59,
66,59,
68,59,
70,59,
72,59,
74,59,
76,59,
78,59,
80,59,
82,59,
84,59,
86,59,
88,59,
90,59,
2,61,
4,61,
6,61,
8,61,
10,61,
12,61,
14,61,
16,61,
18,61,
20,61,
22,61,
24,61,
26,61,
28,61,
30,61,
32,61,
34,61,
36,61,
38,61,
40,61,
42,61,
44,61,
46,61,
48,61,
50,61,
52,61,
54,61,
56,61,
58,61,
60,61,
64,61,
66,61,
68,61,
70,61,
72,61,
74,61,
76,61,
78,61,
80,61,
82,61,
84,61,
86,61,
88,61,
90,61,
2,63,
4,63,
6,63,
8,63,
10,63,
12,63,
14,63,
16,63,
18,63,
20,63,
22,63,
24,63,
26,63,
28,63,
30,63,
32,63,
34,63,
36,63,
38,63,
40,63,
42,63,
44,63,
46,63,
48,63,
50,63,
52,63,
54,63,
56,63,
58,63,
60,63,
62,63,
66,63,
68,63,
70,63,
72,63,
74,63,
76,63,
78,63,
80,63,
82,63,
84,63,
86,63,
88,63,
90,63,
2,65,
4,65,
6,65,
8,65,
10,65,
12,65,
14,65,
16,65,
18,65,
20,65,
22,65,
24,65,
26,65,
28,65,
30,65,
32,65,
34,65,
36,65,
38,65,
40,65,
42,65,
44,65,
46,65,
48,65,
50,65,
52,65,
54,65,
56,65,
58,65,
60,65,
62,65,
64,65,
68,65,
70,65,
72,65,
74,65,
76,65,
78,65,
80,65,
82,65,
84,65,
86,65,
88,65,
90,65,
2,67,
4,67,
6,67,
8,67,
10,67,
12,67,
14,67,
16,67,
18,67,
20,67,
22,67,
24,67,
26,67,
28,67,
30,67,
32,67,
34,67,
36,67,
38,67,
40,67,
42,67,
44,67,
46,67,
48,67,
50,67,
52,67,
54,67,
56,67,
58,67,
60,67,
62,67,
64,67,
66,67,
70,67,
72,67,
74,67,
76,67,
78,67,
80,67,
82,67,
84,67,
86,67,
88,67,
90,67,
2,69,
4,69,
6,69,
8,69,
10,69,
12,69,
14,69,
16,69,
18,69,
20,69,
22,69,
24,69,
26,69,
28,69,
30,69,
32,69,
34,69,
36,69,
38,69,
40,69,
42,69,
44,69,
46,69,
48,69,
50,69,
52,69,
54,69,
56,69,
58,69,
60,69,
62,69,
64,69,
66,69,
68,69,
72,69,
74,69,
76,69,
78,69,
80,69,
82,69,
84,69,
86,69,
88,69,
90,69,
2,71,
4,71,
6,71,
8,71,
10,71,
12,71,
14,71,
16,71,
18,71,
20,71,
22,71,
24,71,
26,71,
28,71,
30,71,
32,71,
34,71,
36,71,
38,71,
40,71,
42,71,
44,71,
46,71,
48,71,
50,71,
52,71,
54,71,
56,71,
58,71,
60,71,
62,71,
64,71,
66,71,
68,71,
70,71,
74,71,
76,71,
78,71,
80,71,
82,71,
84,71,
86,71,
88,71,
90,71,
2,73,
4,73,
6,73,
8,73,
10,73,
12,73,
14,73,
16,73,
18,73,
20,73,
22,73,
24,73,
26,73,
28,73,
30,73,
32,73,
34,73,
36,73,
38,73,
40,73,
42,73,
44,73,
46,73,
48,73,
50,73,
52,73,
54,73,
56,73,
58,73,
60,73,
62,73,
64,73,
66,73,
68,73,
70,73,
72,73,
76,73,
78,73,
80,73,
82,73,
84,73,
86,73,
88,73,
90,73,
2,75,
4,75,
6,75,
8,75,
10,75,
12,75,
14,75,
16,75,
18,75,
20,75,
22,75,
24,75,
26,75,
28,75,
30,75,
32,75,
34,75,
36,75,
38,75,
40,75,
42,75,
44,75,
46,75,
48,75,
50,75,
52,75,
54,75,
56,75,
58,75,
60,75,
62,75,
64,75,
66,75,
68,75,
70,75,
72,75,
74,75,
78,75,
80,75,
82,75,
84,75,
86,75,
88,75,
90,75,
2,77,
4,77,
6,77,
8,77,
10,77,
12,77,
14,77,
16,77,
18,77,
20,77,
22,77,
24,77,
26,77,
28,77,
30,77,
32,77,
34,77,
36,77,
38,77,
40,77,
42,77,
44,77,
46,77,
48,77,
50,77,
52,77,
54,77,
56,77,
58,77,
60,77,
62,77,
64,77,
66,77,
68,77,
70,77,
72,77,
74,77,
76,77,
80,77,
82,77,
84,77,
86,77,
88,77,
90,77,
2,79,
4,79,
6,79,
8,79,
10,79,
12,79,
14,79,
16,79,
18,79,
20,79,
22,79,
24,79,
26,79,
28,79,
30,79,
32,79,
34,79,
36,79,
38,79,
40,79,
42,79,
44,79,
46,79,
48,79,
50,79,
52,79,
54,79,
56,79,
58,79,
60,79,
62,79,
64,79,
66,79,
68,79,
70,79,
72,79,
74,79,
76,79,
78,79,
82,79,
84,79,
86,79,
88,79,
90,79,
2,81,
4,81,
6,81,
8,81,
10,81,
12,81,
14,81,
16,81,
18,81,
20,81,
22,81,
24,81,
26,81,
28,81,
30,81,
32,81,
34,81,
36,81,
38,81,
40,81,
42,81,
44,81,
46,81,
48,81,
50,81,
52,81,
54,81,
56,81,
58,81,
60,81,
62,81,
64,81,
66,81,
68,81,
70,81,
72,81,
74,81,
76,81,
78,81,
80,81,
84,81,
86,81,
88,81,
90,81,
2,83,
4,83,
6,83,
8,83,
10,83,
12,83,
14,83,
16,83,
18,83,
20,83,
22,83,
24,83,
26,83,
28,83,
30,83,
32,83,
34,83,
36,83,
38,83,
40,83,
42,83,
44,83,
46,83,
48,83,
50,83,
52,83,
54,83,
56,83,
58,83,
60,83,
62,83,
64,83,
66,83,
68,83,
70,83,
72,83,
74,83,
76,83,
78,83,
80,83,
82,83,
86,83,
88,83,
90,83,
2,85,
4,85,
6,85,
8,85,
10,85,
12,85,
14,85,
16,85,
18,85,
20,85,
22,85,
24,85,
26,85,
28,85,
30,85,
32,85,
34,85,
36,85,
38,85,
40,85,
42,85,
44,85,
46,85,
48,85,
50,85,
52,85,
54,85,
56,85,
58,85,
60,85,
62,85,
64,85,
66,85,
68,85,
70,85,
72,85,
74,85,
76,85,
78,85,
80,85,
82,85,
84,85,
88,85,
90,85,
2,87,
4,87,
6,87,
8,87,
10,87,
12,87,
14,87,
16,87,
18,87,
20,87,
22,87,
24,87,
26,87,
28,87,
30,87,
32,87,
34,87,
36,87,
38,87,
40,87,
42,87,
44,87,
46,87,
48,87,
50,87,
52,87,
54,87,
56,87,
58,87,
60,87,
62,87,
64,87,
66,87,
68,87,
70,87,
72,87,
74,87,
76,87,
78,87,
80,87,
82,87,
84,87,
86,87,
90,87,
2,89,
4,89,
6,89,
8,89,
10,89,
12,89,
14,89,
16,89,
18,89,
20,89,
22,89,
24,89,
26,89,
28,89,
30,89,
32,89,
34,89,
36,89,
38,89,
40,89,
42,89,
44,89,
46,89,
48,89,
50,89,
52,89,
54,89,
56,89,
58,89,
60,89,
62,89,
64,89,
66,89,
68,89,
70,89,
72,89,
74,89,
76,89,
78,89,
80,89,
82,89,
84,89,
86,89,
88,89,
2,91,
4,91,
6,91,
8,91,
10,91,
12,91,
14,91,
16,91,
18,91,
20,91,
22,91,
24,91,
26,91,
28,91,
30,91,
32,91,
34,91,
36,91,
38,91,
40,91,
42,91,
44,91,
46,91,
48,91,
50,91,
52,91,
54,91,
56,91,
58,91,
60,91,
62,91,
64,91,
66,91,
68,91,
70,91,
72,91,
74,91,
76,91,
78,91,
80,91,
82,91,
84,91,
86,91,
88,91,
90,91,
1,2,
3,4,
5,6,
7,8,
9,10,
11,12,
13,14,
15,16,
17,18,
19,20,
21,22,
23,24,
25,26,
27,28,
29,30,
31,32,
33,34,
35,36,
37,38,
39,40,
41,42,
43,44,
45,46,
47,48,
49,50,
51,52,
53,54,
55,56,
57,58,
59,60,
61,62,
63,64,
65,66,
67,68,
69,70,
71,72,
73,74,
75,76,
77,78,
79,80,
81,82,
83,84,
85,86,
87,88,
89,90,
